==============================
        8-PUZZLE SOLUTION
==============================

Initial Board:
-------------
 2  4  0
 5  7  3
 1  8  6

Step 1
-------------
 2  0  4
 5  7  3
 1  8  6

Step 2
-------------
 0  2  4
 5  7  3
 1  8  6

Step 3
-------------
 5  2  4
 0  7  3
 1  8  6

Step 4
-------------
 5  2  4
 7  0  3
 1  8  6

Step 5
-------------
 5  2  4
 7  3  0
 1  8  6

Step 6
-------------
 5  2  4
 7  3  6
 1  8  0

Step 7
-------------
 5  2  4
 7  3  6
 1  0  8

Step 8
-------------
 5  2  4
 7  3  6
 0  1  8

Step 9
-------------
 5  2  4
 0  3  6
 7  1  8

Step 10
-------------
 5  2  4
 3  0  6
 7  1  8

Step 11
-------------
 5  2  4
 3  6  0
 7  1  8

Step 12
-------------
 5  2  4
 3  6  8
 7  1  0

Step 13
-------------
 5  2  4
 3  6  8
 7  0  1

Step 14
-------------
 5  2  4
 3  6  8
 0  7  1

Step 15
-------------
 5  2  4
 0  6  8
 3  7  1

Step 16
-------------
 5  2  4
 6  0  8
 3  7  1

Step 17
-------------
 5  2  4
 6  8  0
 3  7  1

Step 18
-------------
 5  2  4
 6  8  1
 3  7  0

Step 19
-------------
 5  2  4
 6  8  1
 3  0  7

Step 20
-------------
 5  2  4
 6  8  1
 0  3  7

Step 21
-------------
 5  2  4
 0  8  1
 6  3  7

Step 22
-------------
 5  2  4
 8  0  1
 6  3  7

Step 23
-------------
 5  2  4
 8  1  0
 6  3  7

Step 24
-------------
 5  2  4
 8  1  7
 6  3  0

Step 25
-------------
 5  2  4
 8  1  7
 6  0  3

Step 26
-------------
 5  2  4
 8  1  7
 0  6  3

Step 27
-------------
 5  2  4
 0  1  7
 8  6  3

Step 28
-------------
 5  2  4
 1  0  7
 8  6  3

Step 29
-------------
 5  2  4
 1  7  0
 8  6  3

Step 30
-------------
 5  2  0
 1  7  4
 8  6  3

Step 31
-------------
 5  0  2
 1  7  4
 8  6  3

Step 32
-------------
 0  5  2
 1  7  4
 8  6  3

Step 33
-------------
 1  5  2
 0  7  4
 8  6  3

Step 34
-------------
 1  5  2
 7  0  4
 8  6  3

Step 35
-------------
 1  5  2
 7  4  0
 8  6  3

Step 36
-------------
 1  5  2
 7  4  3
 8  6  0

Step 37
-------------
 1  5  2
 7  4  3
 8  0  6

Step 38
-------------
 1  5  2
 7  4  3
 0  8  6

Step 39
-------------
 1  5  2
 0  4  3
 7  8  6

Step 40
-------------
 1  5  2
 4  0  3
 7  8  6

Step 41
-------------
 1  5  2
 4  3  0
 7  8  6

Step 42
-------------
 1  5  0
 4  3  2
 7  8  6

Step 43
-------------
 1  0  5
 4  3  2
 7  8  6

Step 44
-------------
 1  3  5
 4  0  2
 7  8  6

Step 45
-------------
 1  3  5
 4  2  0
 7  8  6

Step 46
-------------
 1  3  0
 4  2  5
 7  8  6

Step 47
-------------
 1  0  3
 4  2  5
 7  8  6

Step 48
-------------
 1  2  3
 4  0  5
 7  8  6

Step 49
-------------
 1  2  3
 4  5  0
 7  8  6

Step 50
-------------
 1  2  3
 4  5  6
 7  8  0

==============================
Total Cost (Depth): 50
Total Steps: 50
Execution Time: 0.038096 seconds
==============================
